-0.013050939007171147
-0.027315698652916925
-0.05297393427105182
-0.05150064836009844
-0.04121401948679832
-0.024121696624695016
-0.016112643344760504
-0.00637087395242795
-0.01056344006064137
-0.013403622719148632
-0.024249455284972132
-0.01671775087076779
0.0008720014744018169
0.014950212558792761
0.0024775035293483267
-0.0019050963864176214
-0.011523667970296162
0.0009126661630196957
0.012177218207777932
0.019819386180674706
0.04383122036538439
0.05186591181556108
0.031399950004495386
0.021027000060062223
-0.003122351362245953
0.02800179827977288
0.06600323668035961
0.08487335612982053
0.10358374006257473
0.09020972384231289
0.06901278196365568
0.039795118537737574
0.024373441781392054
0.12040124667922822
0.18548491952149793
0.20666306997201875
0.2068243262419135
0.1491259150140852
0.11501393543160218
0.07624515093808522
0.11854552664268873
0.23979590318203145
0.24961359840378802
0.2022691872641275
0.2084154611940643
0.1837688474470408
0.14583728661339534
0.08627462957381463
0.27121411008918145
0.2581583254545368
0.1470851551919644
0.11491104821891888
0.17923633259518637
0.21274552767974886
0.16186182509508126
0.08322294770479888
0.381853289831307
0.1357205918972547
0.0633898234919705
0.08605796963663692
0.19171732277011144
0.2499176512859796
0.19140279435208485
0.08236397424287517
0.4450574598179063
0.08690844785353995
0.09419375403110981
0.1717915829918495
0.24623995251806086
0.30496560047997573
0.22763014327794096
0.09352930838021932
0.45831153271071495
0.1329356719374458
0.1716423158082291
0.21429279969900988
0.2160179289974557
0.27816411909105865
0.26413802155168126
0.15621207153184202
0.3840644683407904
0.17640387499184879
0.18946196770977855
0.18623819049536883
0.1329663642735364
0.1927474352023577
0.2603828650636754
0.2436435191777215
0.2606450254237862
0.1573261760671001
0.14260016370762782
0.10864617688403455
0.041840967415929166
0.08610137679877712
0.15536544877955336
0.21181056101814866
0.12349943766716158
0.06204297732048639
0.07081093267179969
0.03978778146050434
-0.020339075243347316
0.014027422374891097
0.06558180680616998
0.11844438925135715
0.06597472431451792
0.03292790201893914
0.021954555720901475
0.0014961977195417293
-0.036039135851667195
-0.028223904410189803
0.012374538488667724
0.05224094085873545
0.018935685072913662
0.003942834645717657
-0.009733241623670898
-0.012520370435638827
-0.03741707887041588
-0.04517650616853589
-0.02307232213978282
0.00919976992813236
-0.0022359092382099694
-0.01465541171589324
-0.030601986004816027
-0.04034965990671091
-0.05845802168439992
-0.06279982052559369
-0.03677578818300177
-0.00789169782004112
0.04559097656177126
0.03502808452568187
0.016100528136632004
-0.003809760450175509
-0.014118769283293864
-0.017218501290423485
-0.01543290356213932
-0.007260466140398666
0.053679435598750935
0.033416462415029935
0.01047092796624727
-0.006050207528276029
-0.023605274938832226
-0.020753576416348292
-0.024508760738155982
-0.016766002972244252
0.058099824015815954
0.028034039245074957
0.010694579530776769
-0.008041368447234435
-0.018130162441066397
-0.015127917751154999
-0.02388413527285177
-0.025802573121703563
0.056595294100276
0.02520526933478411
0.014201815068851356
-0.0028108080010722093
-0.019424921520056006
-0.013775666861844805
-0.024753669170208405
-0.03170768036899664
0.04632930893145742
0.027460219958388994
0.020901640464550883
0.005270152438524293
-0.013338804445288774
-0.009142750651242596
-0.027289397836600053
-0.03187725908274391
0.04118637045822876
0.026701735401669084
0.020910333676589014
0.006826436408046602
-0.015885991356302677
-0.005649817329771387
-0.02052005032088358
-0.023196719419826286
0.031246348591553584
0.025809529346239316
0.030866788378667843
0.016823552559919224
-0.009081934394197601
0.008279581921437164
-0.011976103832034232
-0.015943328746729185
0.02120917707465601
0.03783950885095961
0.04141069313448786
0.02392933902763077
-0.007171699623744948
0.02417321493316037
0.008276380324935845
-0.0015669622261510238
0.006626180206688588
0.05370223414103702
0.05869190848427492
0.032805678995725604
0.012872448322200011
0.043013303816622696
0.039567340964158065
0.02838186219354399
-0.0009730650081183547
0.059323676619779976
0.07862132526312822
0.05964712015471857
0.02222338470742932
0.04452936588401903
0.052704544804374406
0.059790641455372315
-0.005799301609110095
0.07110138209369908
0.10054765117334748
0.05364052871159613
-0.001674565154772248
0.024143323911733378
0.051722920784327164
0.08822292042837653
-0.010040922408349175
0.07263128897088333
0.0966747368494021
0.04421938900679951
-0.007478889395542461
0.0037496173772978538
0.06129030456772681
0.1048387929609984
-0.008314315543136054
0.061045474055303396
0.07286143179581635
0.0262210245101515
-0.013142313623805212
0.007926336463096954
0.0715496913724546
0.09081613791251439
0.005797614935476557
0.047383665517372685
0.055088707577063294
0.011265327073946764
-0.0021190217737833755
0.022189067699037477
0.07485515394264886
0.06271872342838335
0.025938588384645633
0.05062912674657261
0.050668179847909715
0.0249707771337543
0.03569160354928635
0.05536736284047698
0.07223760991784324
0.028651746937445207
0.030429572077957066
0.06573624917758447
0.07800358742812481
0.08438912441469457
0.07615805215814629
0.054494585350013586
0.03146746277387835
0.002390577212846742
-0.0033454044331855557
-0.013595159795884337
-0.009854925677770247
-0.010285548347366268
-0.014420306747801112
-0.013785803281546473
-0.01337699686983543
0.001017946002727091
-0.0036724267053385848
-0.009823133807822241
-0.006340095427246018
0.003999990091324131
0.010725541618871888
0.019052022563946728
0.0005159299573921163
0.010709138208313958
-0.0031956714751548523
0.0023366173676658076
0.013683860525889033
0.032408743541796826
0.045294907162274745
0.03991478200920777
0.01038760769867206
0.020132801429453694
0.009547274574875345
0.028061525550293242
0.04481370085931117
0.05485518062020231
0.06099982626064213
0.034715198788153386
0.007829285413885745
0.020354940185818696
0.029467412419669933
0.07439729654186107
0.08684265618319181
0.07878748225261216
0.06019736286515824
0.018647076083342422
0.00025009226846876007
0.018810127325641267
0.09078263267550188
0.11736040099119381
0.06363931229211434
0.03245017008979715
0.014970181607606678
-0.019878330119270322
-0.025750884547492935
-0.006517314026004104
0.15515268200089244
0.08723832001438811
0.0009399459766617635
-0.008987522275586515
-0.02425694118580652
-0.03568683966188246
-0.0274317549380406
-0.022345280843044157
0.1983881479409802
0.026607693552354462
-0.037919392156359186
-0.03202442458608987
-0.04023405435809601
-0.029817876125446938
-0.02549290549925922
-0.023548076537844395
0.21708138475657981
-0.02418383893608026
-0.04073882043305949
-0.030826414204935697
-0.03228453472677262
-0.022394278934810927
-0.031595420475550515
-0.017026488240876384
0.2221482890745095
-0.015935627859270007
-0.017980779443545817
-0.02104029706737509
-0.01634030771176263
-0.008666524232687564
-0.013221216742123208
0.007490945545684211
0.19022822604842035
0.02671603426550621
0.013843476510468309
-0.0005848764662642024
0.011662155203520893
0.019685685058003315
0.016631510010893275
0.02872560707642234
0.1410857668948435
0.07114045526399143
0.05173648739127304
0.039246614387802865
0.05238879631322238
0.050547135648188295
0.038191625642403984
0.03200606817226263
0.07860699114150202
0.06804633431680242
0.06952070367183374
0.0538889284967049
0.05436803669040111
0.043227832666578384
0.030781280118561773
0.025742396763609364
0.030775069069312308
0.034907890923804544
0.05444252297784459
0.052228018833178576
0.03826860953010884
0.019706807065463846
0.011057995533153646
0.01394514174705886
0.0028393467751615807
0.001680603528173355
0.020818238736479894
0.027415537368121013
0.01812937376393276
0.007567800197863377
0.007957340439466228
0.0061158321367829295
-0.007794708707607565
-0.02122909653036367
-0.010107389471978383
0.003473083562335593
0.006456800506017561
0.002616454865135815
0.005812733343421383
0.00634112663284568
-0.011477254815420798
-0.0274996938445149
-0.04479414871343312
-0.03650807045059527
-0.004921543180665151
0.02439430372996272
0.020209523972757278
0.019281055347951298
-0.020796456223524176
-0.028545648819121392
-0.03611766494108835
-0.019947787215560953
-0.0003707611064434102
0.02377322124424264
0.023569235029583867
0.0250644179207483
-0.03630866275973831
-0.03608546504312921
-0.03813040989797458
-0.011344838975107905
0.00022112079949405855
0.01594054879828105
0.028693201586303067
0.03187957652661412
-0.06904676171782914
-0.05002867380095535
-0.0558829218248841
-0.029358216526181768
-0.009721720508806441
0.018401351402332268
0.031238525262568036
0.02742101739859533
-0.14270081408791424
-0.1280087488217204
-0.16433989094852422
-0.1671845401638492
-0.1529962177877432
-0.12241671030339767
-0.05843771463018456
-0.029780785835293665
-0.2399958734022788
-0.2013988977820884
-0.198670936081341
-0.19058469173792908
-0.19757899010110716
-0.15120487248612435
-0.0618438625260808
-0.04018321916377278
-0.3461812801885953
-0.220279003026002
-0.16853113415612453
-0.19812746119928354
-0.24608022067008273
-0.14288664442841253
-0.08031627309926109
-0.076472960310134
-0.377526136327863
-0.1980528934925089
-0.15937477004867104
-0.18044416979445435
-0.21931136559416992
-0.07968527160282599
-0.054944591060499745
-0.11370260840932855
-0.33360615900009694
-0.10814281208754947
-0.08608531969268157
-0.1523881449518567
-0.1562985931209095
-0.05664536373082768
-0.01424770658482304
-0.13194645296265928
-0.28233429156979417
-0.12255009782445951
-0.13185456786912175
-0.13778607649941857
-0.11678494541115066
-0.0713553084145595
-0.03478440872750653
-0.1505054477070184
-0.15268669215560224
-0.10552078894707025
-0.13618073994335278
-0.08941880401724595
-0.057399859009364576
-0.04755521079115192
-0.07574128660463174
-0.19092342040938973
-0.0341488664383592
-0.08017575328453999
-0.12744832147243393
-0.11256096851406532
-0.09671360853430996
-0.05213990261386758
-0.07931271740100862
-0.1295235531361729
0.0721656512850498
0.014864221359856477
-0.012441293121150972
0.0035791681506684736
-0.0013956907440900855
0.05133037886187501
0.03340267226979395
-0.007853099055009648
0.08857649934096405
0.04121237857790293
0.006145946100166614
0.019775282901640788
0.01928529810876315
0.05130448056529375
0.04609512211729747
0.011923224080980649
0.06209840423486864
0.06093253882240923
0.017469236065266045
0.02643616217821182
0.017983139888527153
0.026579282033431805
0.040651151405324784
0.023302229255068738
0.030963611609532933
0.0672504876307942
0.06068763694783086
0.05384715665940796
0.020125652974779595
0.006902271675021437
0.01128481297488019
0.01733346433712049
-0.0019168316710550858
0.0036540385683627484
0.0017654244608418662
0.01301206114911881
0.02467329186634906
0.030056074270561055
0.019073226091438432
0.01199107746392777
0.0010644564864776204
0.020900724220320285
0.03625221157361158
0.046306606682167926
0.05609744644395919
0.049984775078474264
0.02642595025232457
0.03158394261124251
0.01475955278317852
0.06436811031465656
0.09666620656825164
0.1098773191350546
0.12352996233850322
0.12325717465676339
0.08459759642438645
0.0842526436926803
0.046759845773868006
0.1355355200546542
0.18850598280411032
0.20667748749746248
0.21296142260033823
0.18918741724521515
0.14164630014927507
0.16249359599025673
0.12824183989816546
0.27408669434723004
0.3139331077954362
0.3058055377670213
0.2755262823619508
0.23289733654960687
0.18372567634469164
0.2304575789197969
0.2857134805535895
0.3635183534997443
0.299123165110593
0.22604874299702502
0.21423129365961185
0.21175713168245436
0.19496242072338155
0.2147687014676636
0.4264486725064647
0.3771430656557983
0.2716549385850926
0.2464822755653031
0.27178892406513405
0.2660742012621249
0.21758941136600934
0.14788094052597486
0.5289819323434639
0.3703074045516944
0.3255337067482973
0.3155987907838507
0.2899585848333184
0.20620002247309763
0.11047757589251468
0.04458189158920109
0.56196188078879
0.30946979791252277
0.263197339800046
0.2035771008288227
0.13098201631505252
0.06150591926744745
0.005653467610348346
0.0144811361471126
0.5340332196439475
0.2417092608382171
0.14341102249367046
0.06563315722509681
0.021253261715510674
-0.001720029967745871
0.005630334694898619
0.05425823696745753
0.4610804348511226
0.30039283443775106
0.1840209534180133
0.12168124807921811
0.07991130461928546
0.07579226465385488
0.10242305338767531
0.14741416136711835
0.29948334731329374
0.2769921765523782
0.2341703339235952
0.22094394654969451
0.19035235360084302
0.17995083384510072
0.175202925982039
0.17145080986972355
0.14852037928276474
0.198885622122723
0.1941967635914945
0.19242995498367516
0.1684657864332999
0.15582432685590739
0.1408910954257264
0.11855364457253317
0.040571475778312195
0.08744914059230124
0.10544291558098733
0.11625421064314297
0.11129773025429071
0.09447541724707494
0.08065527350162348
0.06292753068708812
0.001738446988944182
0.01904962922546303
0.05035097061329682
0.05126331679519435
0.037237126950671974
0.028067620124309786
0.03197488100229509
0.027885185008205422
-0.003878732970242237
-0.009696008749658468
0.0027964863109090246
0.013343868695766222
0.014875139381697516
0.011849160988504906
0.023934868524925556
0.0186716144678845
-0.02486863539814199
-0.00417132582347724
0.00946624646619426
0.024096563680385357
0.0394236099096868
0.04517013192948197
0.041306218521048606
0.017431711299317545
-0.03719728383488661
-0.001631586908773248
0.01786799415034345
0.026010992022861074
0.025813370817975047
0.028559098372005612
0.03966529370075244
0.0344395644988378
-0.05459167130116854
-0.005880886339830771
0.017940157045510698
0.026255982525601594
0.012933055727069143
0.0021307894118247346
0.01814941450407906
0.02285610616804079
-0.0647197671731767
-0.001180124727869076
0.018686508396184704
0.014140030001142723
-0.017746967207816097
-0.02730748120123869
-0.0180736484282176
-0.010000535441061048
-0.08680113544549277
-0.008165195595313483
0.004602746911991336
-0.012941046202915314
-0.026876049286495965
-0.021293764224964654
-0.023365669311378207
-0.03078104206451709
-0.09974859745281958
-0.022714759343086238
-0.03215540135825879
-0.03459370107312898
-0.037527399630234784
-0.03600481137813184
-0.034964433189967246
-0.045509924081317675
-0.12552966548330055
-0.06401982328665272
-0.04485770070790793
-0.01479569573101632
-0.029436264739859955
-0.038746752233101665
-0.038098004488242944
-0.05139298558764117
-0.11633306041060987
-0.055228710528479025
-0.028063831034172867
-0.009699546346647278
-0.021926372208990158
-0.019391368366861384
-0.032034285050868354
-0.05097409227407221
-0.09830553136296191
-0.06032150031456385
-0.020915631332658478
-0.011061853619033247
-0.028412940621890204
-0.03125578225492361
-0.04562729964346072
-0.05328746459320999
-0.08896617476972504
-0.07220768353233321
-0.007504027362392847
0.009386020662969065
-0.011823917180031614
-0.024955602014579997
-0.05919018579994198
-0.0730421497041064
-0.08331603080788316
-0.08886684763143807
-0.01765735135442968
0.0005903167150682821
-0.019249966775681197
-0.018218373347724165
-0.04338023755044359
-0.07942559319476562
-0.06162820364242239
-0.07167932510981145
-0.017688453048182708
0.013990657643249355
-0.010887724821849663
-0.012751975482182463
-0.024990945316774333
-0.06341057383217857
-0.04664487688799805
-0.04639926575918696
-0.022992405011166516
0.005522163500865457
-0.01900348083608033
-0.026078636871324376
-0.03899240650961861
-0.06523443367785885
-0.02846004225910855
-0.023079887306012126
-0.009967314983146692
0.020900457270306986
-0.0010909582615719674
-0.015369310327937357
-0.02926624418717333
-0.04979314624981905
-0.01661980552208991
-0.01329783097017593
-0.004842806665436338
0.017668448596016226
0.002478960550888665
-0.004526291461966664
-0.01975724325072727
-0.03256136202276112
-0.010914581830621155
-0.008493672229116341
0.000523720428747308
0.012616349978497511
0.008190697351347719
0.0006241480866708142
-0.005929860167136366
-0.0181224536472789
0.0074750632546685646
0.03842939466363497
0.09769762799965635
0.14370947680117968
0.1551236172207712
0.13291665968025126
0.09339107249609957
0.033326356802908144
0.03226994019649551
0.0811069368333131
0.12023950322080322
0.10582219355944021
0.10357555811568146
0.11329702231755295
0.10408971990637611
0.05256976324566295
0.056348240738844285
0.11020261695430139
0.12921377159233546
0.09987753008770965
0.11248919120135246
0.14113021797581107
0.11715032224397341
0.059615137777543174
0.07786297022589625
0.11040377846674805
0.11965076515106877
0.11040636386972497
0.1260632443382383
0.16126910146367499
0.125183097660337
0.06094627386956553
0.07404728453046583
0.08616026926822873
0.09530943176116925
0.09087624341798071
0.11153799617197659
0.1578027772537797
0.11651324238372096
0.05456528511273492
0.03941975472751448
0.041509654164869805
0.06577564944960493
0.08306629795973115
0.09977888638244335
0.142243366720342
0.14509928592792232
0.05998733736207995
-0.004276797541062676
0.017218803087350583
0.05402307237948542
0.05895772216708666
0.061427307034595785
0.11114068189727463
0.1466362562039363
0.07474718971270207
-0.044252674490675104
-0.006806845308633186
0.01902566633736772
0.020537109584534533
0.030293286938365215
0.08380605937285329
0.14244317793618774
0.08618754188370512
-0.049107758463109365
-0.0009020564042064715
0.014224625240019651
0.00822854301730036
0.02505946121445107
0.07141337536256163
0.13145599243348338
0.1036448154840311
-0.04070549264621794
0.0013534389176265561
0.013648442387830584
0.010227519824405304
0.01647025206129007
0.054729333391313466
0.11273234793364004
0.11329815229233177
-0.018207116183810986
-0.008393761067540159
0.008463301447886493
0.0030093635796983984
0.016753632450474322
0.047217086560127165
0.0958913800962649
0.11299267027793834
0.02267891813784506
0.013464913897909336
-0.00683288504597225
-0.023148206964316565
-0.00029006182935048807
0.030541029562732473
0.08211787930272753
0.11770154639898697
0.05241919071938626
0.04882941630385144
0.03108634392507285
0.012650840948304553
0.03633854777704299
0.055292839183812136
0.10749536117221849
0.12943410604312414
0.06942515059661691
0.07519693198753932
0.047759927020476295
0.03565345356359534
0.06919290785584363
0.08295821991500651
0.12497652369375666
0.10561733253914947
0.05512260923583759
0.09609940425310823
0.08482769640345435
0.07010031457403049
0.08731638131458137
0.09463357177364823
0.10945588848398813
0.06505122979434085
0.04396975672722589
0.10861239279183563
0.15196213287491994
0.16322713612094514
0.15424545224365546
0.1225562208140778
0.08303538906358403
0.028867584995650376
0.02497137961228977
0.013749237538643516
-0.0052096798431487835
-0.020711777792920008
-0.015857050820461665
-0.016101780073498818
-0.006661217534075048
-0.0013514139427473386
0.036807903964661326
0.013948682443333067
-0.0007961006661805939
-0.016329528534216327
-0.012997098887346828
-0.016423513705781594
-0.008072248547277932
-0.005694889599261332
0.043412011845485
0.010808517518574015
-0.005802889818980997
-0.018402170212484335
-0.020697517394329866
-0.02407329151192527
-0.011962691390719397
-0.010448610039291435
0.04451661165391522
0.01125813940177188
-0.0031820232983499038
-0.021651422822538787
-0.028332799672605984
-0.025802840460661416
-0.021629729137325512
-0.013668576137959309
0.041708557393732214
0.013949277377791832
-0.005583238523197622
-0.037746581822442817
-0.052899344857132886
-0.040380484548946424
-0.036271747279475096
-0.02162744502509902
0.027684160939509216
0.00903002128719205
-0.016963016056786656
-0.04146302068817757
-0.05231552545806251
-0.03893931157415383
-0.03178425315647328
-0.02686289109901429
0.01912311265658382
0.004361715367456316
-0.01986425406381219
-0.02463319181318898
-0.03220078091331389
-0.021061440049364322
-0.022981732591290216
-0.032231098763758056
0.0049814747654809725
0.006392293403357707
-0.0022852773697204848
-0.006833383327343877
-0.011980708081381929
0.0010863886905102572
-0.004041664719984851
-0.03337561517427692
0.0003786175665832469
0.02009263541731309
0.02401202112143657
0.015173876406210167
0.011552406070012082
0.012518624121152592
0.009572947018584233
-0.03099607769930682
-0.004064302748437109
0.020024038892073662
0.036286445643949145
0.017896920939681826
0.016839216891935346
0.016773981999560466
0.012670741432271922
-0.0280450665752258
-0.0010843820749608462
0.03484732827719693
0.04693295005518826
0.009976586569330587
0.010945716257704286
0.006190152169497524
0.023138552114477753
-0.011276357250210008
0.0010921714494085486
0.04214384502008507
0.033135937045519946
-0.007424395550122898
-0.003005623396188344
-0.005747112127567327
0.033379607762383696
0.01246053661319119
0.010236215253200839
0.0480699317864099
0.03187407925158494
-0.002996268920216378
-0.006993187151910712
-0.006275257311833788
0.03226378867531096
0.029475264085710284
0.014782390412657378
0.042328645707953735
0.02237151401739637
-0.01911099466509729
-0.022185856817621873
-0.0061787592048752156
0.025352676250466666
0.037839344907259015
0.013128929450692335
0.03305371937337336
0.011975970884570546
-0.021329727660520218
-0.021734056423114604
-0.00013116570773566685
0.02229818621302505
0.03564018980071621
0.006883247796732698
0.013070560578526723
-0.007104056398526508
-0.026284036168811153
-0.025249632943764193
-0.002736684320865247
0.019322824959259136
0.029623669979018507
0.017563264626970523
0.07485424482850325
0.2046250390647636
0.27949887900387177
0.2639902038166437
0.13517243521901356
0.04249224918117846
0.007771108353600514
0.0036045414944085455
0.01646104758743097
0.07657680028337507
0.11329049776525311
0.1291366449282149
0.05557341615963644
0.016789250996917443
-0.0012260965536959431
-0.013258520405258259
-0.011213460734457293
0.01856658523155469
0.04106109371048552
0.06526907090736643
0.017088000479685124
-0.0037259062432786435
-0.010805412936783913
-0.03711037181603656
-0.03968392054246756
-0.01929856741432644
-0.009649288543396785
0.014198802121029055
-0.014913757389852313
-0.021093662919857453
-0.018913739352697898
-0.07015316183597954
-0.05514220225990588
-0.032092615637486395
-0.01125855126942452
0.003102673429313206
-0.03413925145279697
-0.041219168859682714
-0.03767879549540039
-0.09907578396175852
-0.06352634209593656
-0.03177969159502382
0.024885031642261513
0.04965213214551606
-0.009657660821098197
-0.02619742552943425
-0.04420023064928377
-0.12548834177471316
-0.068980029252913
-0.01069620790531851
0.07136325288978826
0.09182457181960135
0.002159048420144207
-0.023746308862733
-0.048197805212762554
-0.14546464876578794
-0.06008817665721845
-0.00938654649702111
0.09676352558907818
0.15060537174475735
0.023997749790258868
-0.021843877966637722
-0.045892995324493015
-0.15171876780829005
-0.06478312112165883
0.023123218400831133
0.1696723225549177
0.20787749630585736
0.029352353418278927
-0.02164109084475504
-0.04844694989022112
-0.14420746316613162
-0.04898598810227048
0.05969540442703501
0.2099362149155086
0.24561185428893959
0.046197110640198116
-0.025096339407164853
-0.06005112482272111
-0.1268005600959631
-0.03768517347387962
0.06041049272325215
0.2243797132263821
0.254840982234874
0.06075420924576804
-0.030797667127919634
-0.07549066502409861
-0.0925011907423047
-0.018207326455031196
0.06536027135315159
0.21044007970169992
0.21856645985409306
0.037434510279622614
-0.05424978868960376
-0.07634637784160157
-0.06374240629300912
-0.02667311985713829
0.05630881253808646
0.1806077682304041
0.20758609124521407
0.06452011937732981
-0.004049296981552825
-0.030061700098599993
-0.020950734500711925
0.013045632471982304
0.09256061099804057
0.18803666271498218
0.23213244190417223
0.1140349929207252
0.026064922872678666
-0.004111501084901571
-0.0044869393399817725
0.02722037336618583
0.09894870647358911
0.1747935162317993
0.23388582936189664
0.14025128429351796
0.05068303104838534
0.005853964320424736
0.004769553136679843
0.032435839484515824
0.10221908589807645
0.16750868961434034
0.24957507887885455
0.18031453552726792
0.06872603775127947
0.017644862044057543
-0.0001089053814115737
-0.0005583842242580566
0.0015594271466532381
-0.002471623340799574
-0.009782999288837567
-0.004639835857703075
-0.004783777923863326
-0.004171091233375028
-0.0012613881773059486
-0.0035520741005777017
-0.005492416112354844
-0.009714298504556391
-0.01455498194997025
-0.006247951505481698
-0.005413653687750543
-0.005339589860577812
-0.003640198243849163
-0.007190920567228053
-0.007879523821785132
-0.013733275924378023
-0.016959704429075167
-0.011661080668367577
-0.009838558559433783
-0.009918335243734991
-0.006859621230400253
-0.013431927605433257
-0.013683615369211961
-0.019872868437315176
-0.01997180567831749
-0.010768143672215192
-0.005701435093692151
-0.008678270606916796
-0.02610325016879207
-0.029133640284203514
-0.02367164527089765
-0.030275283231357735
-0.033231067403438196
-0.022231733856030098
-0.012727822017863516
-0.0160820731750803
-0.05052875394922551
-0.03410146543163907
-0.028258607169699163
-0.043769052498061
-0.04105290788278364
-0.025251066830277166
-0.01768610432221806
-0.023987117018283138
-0.0650668782735607
-0.037485847157099454
-0.034066079070458104
-0.04543966122596796
-0.04063506615620124
-0.014536193060766967
-0.012909449985372981
-0.02959529989787883
-0.07735483086151476
-0.049540645404760546
-0.0452531005297922
-0.06467640291256078
-0.044857749576672226
-0.014238104769899033
-0.013874687824019918
-0.029665025874771336
-0.07778084720101927
-0.059043553945959774
-0.05500128862902496
-0.06049189663889849
-0.030369381483447304
-0.012560263767053584
-0.021522113458475
-0.03318613905003114
-0.06704501307673812
-0.06525535751169885
-0.05562948706941236
-0.05148571796379989
-0.03749733331089532
-0.026191734973053073
-0.034494177410204135
-0.04212515959788793
-0.04360798635207447
-0.04323704243286386
-0.0440785798895873
-0.050016866251648785
-0.03640633524755128
-0.023894124576829753
-0.02644203470110184
-0.037085403552446154
-0.027829993364806946
-0.026176731778827227
-0.0262946321296765
-0.036794004677080897
-0.026309490756798157
-0.006906797405324835
-0.009182273148330429
-0.021879629105371647
-0.017140576809815664
-0.009185046333152803
-0.01099784114031507
-0.02256612733133908
-0.01929152032126783
0.00023389925057406934
-0.001176152616581538
-0.00414046656740324
-0.012332417473736961
-0.005207551015875713
-0.007087172455060363
-0.015645664515846962
-0.019333879846734695
0.0018694633580729687
0.004694626240034089
0.0021529079970627105
-0.006840630947962292
7.052450022596748e-05
0.001472283841202655
-0.004125050003723147
-0.01063778858490252
0.007181677095381157
0.00884320098514362
0.002978201878272729
-0.004495473212844108
-0.0018165099982087147
0.0034044710560490704
0.006578499598265363
0.0010511688532420173
0.009450556186311042
0.005516574744816991
-0.0002901810523279183
0.02380931777780762
0.016011708039019617
-0.0016187455623117577
-0.0181367675543625
-0.016596182382944236
-0.006481096053372821
-0.0030575260070937527
-0.003033426873307081
0.032127011960390944
0.017720790231218763
5.6590985976754024e-05
-0.014926238160975895
-0.013310935759915524
-0.0043286520875608974
-0.0015719722532731499
-0.0018688193065150656
0.04608452182037419
0.025463651617342136
0.004338481144318212
-0.014433913779492808
-0.013586181008331522
-0.0037725944437406287
-0.0023047521172384006
-0.0027218754071732317
0.05347749582635088
0.02693874719955398
-0.0025530827075962953
-0.020451251905670945
-0.007963674988731096
0.007024197541026422
-0.001709676135652077
-0.006714914965402078
0.05511203136720989
0.01864165751548039
-0.007874438437932911
-0.01748375227704651
0.0010076806395275541
0.007676226178322659
-0.003515894487932507
-0.005453141066556901
0.04824182752164627
0.017369462617723763
0.005521771459047672
-0.0050839121787713114
0.010526167030351852
0.013536279524516777
0.005392989850994546
-0.0020591051882532375
0.039438378938287444
0.027488778289160565
0.023491038268354518
0.012530351847283957
0.025792371814215842
0.027939995656822595
0.014021250655648498
-0.0006282846479930077
0.033266215294097644
0.04507048872399542
0.0432790816513392
0.018552966439448638
0.025115911209301584
0.023218447497790347
0.012674837165415377
-0.002379384519874699
0.033621415578667324
0.06618561710162935
0.060551609119914196
0.029911221917659492
0.02669727062139189
0.021836330023180625
0.007815068273984115
-0.007865117669493856
0.036796070865996164
0.07107539905438882
0.060235717366837
0.027441927246889868
0.021485042399454743
0.018026057911367934
0.0052863940229175
-0.010025293382744865
0.041686137198475505
0.06830806789322744
0.05961405784539917
0.027958988121734175
0.02453921833892717
0.022838618157284378
0.008491991562461172
-0.00565528686263843
0.040204413652441845
0.05928493586594404
0.052582049002037855
0.026608565617065663
0.026081258095708708
0.028316855821389143
0.017778301532125697
0.002782664176671416
0.044200452032997585
0.04815751455119678
0.034836902728163165
0.01497409132482691
0.021521424584113328
0.0337101071809412
0.03396839031069156
0.02038778330192545
0.03949906678140816
0.04237431992430447
0.022079048468477556
-0.0030282071217255435
0.005463864527526514
0.024180961482305634
0.03235126922689147
0.02554550187735963
0.03353289576387825
0.029534371357952473
0.011746814892939009
-0.009093902457856573
-0.003370662841035646
0.01359094320113867
0.028420734387392177
0.025246310336560978
0.021360184226481085
0.0239251540931277
0.006726270367951183
-0.011505518313089554
-0.01421433890150429
-0.002347727594435171
0.01574779705659693
0.021516261053349924
-0.0019453109160658096
0.006910534111806544
0.0557096677300873
0.10089686748104171
0.07346480105490534
0.024312388304297872
0.0025759347713535034
-0.009254079033142779
-0.011029692968029256
0.000642610411591383
0.05449712528605762
0.11484322540548321
0.09195674049137557
0.014210548588550368
-0.0112423129806829
-0.022219452160224192
-0.03406144729169967
-0.016727507686092262
0.025839091574770254
0.09710749159034486
0.08592390206177683
-0.020872344010670455
-0.04679353637116693
-0.05521029504534171
-0.0557712743507902
-0.030709694269480413
-0.023798681236973346
0.07444130381240578
0.0506141901855943
-0.09038711798755637
-0.10558247512176501
-0.12360046090136474
-0.1014386686671129
-0.10089697925747614
-0.13817691043960817
-0.02241813962054366
-0.054168115968814795
-0.20080861749009646
-0.1684769386679939
-0.19861625297927477
-0.18718634205835735
-0.18779085270744253
-0.14264875237569158
0.025887712145803102
0.01425871545378488
-0.1747175122165607
-0.16694926187673603
-0.2232272101643465
-0.2761157294600669
-0.19188603840421078
-0.10452211765243082
0.04939598802618476
0.04869111797720007
-0.15618417362387788
-0.18781521520083055
-0.23950830744661794
-0.2971954802042032
-0.15186976454652787
-0.10037230989544091
0.06984661304532018
0.06161476151446283
-0.12233187887527551
-0.174965024045009
-0.21448440365897428
-0.33323275366817773
-0.17143271741993735
-0.11133458932672934
0.07825130822333895
0.06825542464940745
-0.10380223748358526
-0.18934625635319968
-0.21945560512872955
-0.324462802727082
-0.1042957001480002
-0.04749697624688074
0.1063372406601225
0.0965781860594058
-0.086337392767583
-0.22537691558555345
-0.20506641104651072
-0.30210862440821507
-0.10111649872820205
-0.07138660022101766
0.07510184894683937
0.05599696980398323
-0.12313781323535415
-0.2452153754500147
-0.16664499650560136
-0.2541623291440839
-0.1402998127636013
-0.09220964524292566
0.022088909722714038
-0.0018964170210305634
-0.13312736450654414
-0.1961271922216045
-0.12219941429968025
-0.13177910490383885
-0.07597136537225183
-0.03306959474068205
0.024932606823789144
0.02505247793110837
-0.07525581134402679
-0.1143272913802106
-0.07493275789926475
-0.05946047133912765
-0.05496235065199833
-0.0019295211129666918
0.06092421390422405
0.08297580109621848
-0.004838701732579957
-0.051298657954793124
-0.03008237643184403
-0.006716532837038535
-0.004016204767016272
0.040548403478954734
0.09244121273050053
0.11644066026457399
0.01645532355659513
-0.02188735189333519
-0.012727714830896669
-0.002128192514611836
0.00429066474410829
0.038032181792034894
0.07713784647263924
0.13702560807617237
0.06637304032476107
0.01738114140286792
-0.0012684545632505068
-0.009654988377655134
-0.009547564251786815
-0.024114721559606048
-0.03413833921322754
-0.05480073053634549
-0.046761652994167215
-0.046173430882929786
-0.03393379686847984
-0.01605317234053287
-0.015734132592148602
-0.034164497053750166
-0.032981957562392604
-0.052550955778304057
-0.03901428787488087
-0.04093522429218091
-0.0390322984028503
-0.023143423308461128
-0.01971700043414285
-0.03641928748394278
-0.03184113812108911
-0.06470224123384088
-0.04726792444028472
-0.04146089749878339
-0.03839667255558368
-0.026650496663124926
-0.02154890475963689
-0.038042267751243225
-0.04802195534023825
-0.07215763288651952
-0.03758216594394326
-0.028980999888183756
-0.032396086604026875
-0.009988490703614761
-0.020892385680376952
-0.05585419487377252
-0.06931793508618139
-0.05663135938006112
-0.01661081663779013
-0.004702473877274805
-0.012245646299387503
0.03271891234720251
-0.012014223729042683
0.0011808720095119437
0.015507524713246545
0.0033084003544985954
0.03594309728070664
0.038420857284194886
0.020480234165312187
0.08500293368215071
0.03568271903771544
0.08442885404864114
0.08587243464717578
0.07131619916195546
0.1018788324075965
0.08299806802068647
0.07286996688471714
0.07404137868336655
0.06556240708195346
0.062127914064580236
0.09755956405205213
0.10425793315660549
0.06743375753385283
0.055948180998604484
0.11872131220323318
0.06880982386178923
0.07447396201259782
0.022649638978688796
0.08986462402759927
0.08341121481460444
0.013654840388976658
0.01923796213010021
0.1428419816284056
0.04677188400169101
0.032270896958776475
-0.018273225817812686
0.031234721402290125
0.026044488870292357
-0.03413077747252717
-0.02955868187658211
0.12670906846347546
-0.0030663997168953964
-0.034223593880953244
-0.04985894888267818
-0.02768425183141301
-0.0420158475676537
-0.06789117259339021
-0.04428550831708171
0.06528404706394156
-0.04826358016887049
-0.0535710032709886
-0.059323373487589454
-0.06688848188302078
-0.0685784149825433
-0.06985862506494805
-0.040912377334349916
0.005910698175064623
-0.06838784987867524
-0.04830144460908967
-0.038814637776294784
-0.04753997637573403
-0.05291146895123995
-0.04881851190860089
-0.032251927361144524
-0.01730473633253307
-0.06696639408965077
-0.051255990260908234
-0.030066429686232393
-0.039083569220166654
-0.04878357525618146
-0.03030627263371548
-0.020065949089738383
-0.016161364392103084
-0.04883336708127562
-0.04371136582040915
-0.030905003821212074
-0.04117476356890381
-0.04172286930930647
-0.020297856263841903
-0.01437277332667905
-0.011256513139979208
-0.027918164116168983
-0.04242029060374216
-0.041720852568033005
-0.04039205865010765
-0.0383070199127925
-0.023683859431753225
-0.015120500977968963
-0.009639713343706308
-0.042363615807343366
-0.08247283952478734
-0.14548180879205355
-0.16993819365613755
-0.18110148631094852
-0.17322285666969855
-0.09168126460388201
-0.04519988376526448
-0.07078555460448832
-0.10533290428692979
-0.15245691559419802
-0.1313952774075904
-0.14936638127354998
-0.1676358834606316
-0.0867608754143444
-0.06450368553159265
-0.09674578051266705
-0.16649461314208566
-0.16745945993077602
-0.08829069676247163
-0.11111468763301476
-0.12944267494149797
-0.08299184244010234
-0.0824339576052989
-0.1500783018508815
-0.21437202460370292
-0.1744194139938302
-0.11634698768480004
-0.15262958985046737
-0.16982416869087552
-0.12032391392952108
-0.10416836620465358
-0.15812007598859668
-0.22012685939148519
-0.1624968090643402
-0.043628937435610415
-0.06437482781228641
-0.1270446761219599
-0.12015764582505262
-0.13470200976809796
-0.15199993156200392
-0.24875432929140498
-0.15391195059565668
-0.06783186459091003
-0.07414497115841485
-0.10385224003654345
-0.17773538891172716
-0.1576490067938983
-0.12942846031206168
-0.20415328310421182
-0.035463208150743726
-0.054077662643806756
-0.10008863989932884
-0.21405663309059456
-0.15339942665280126
-0.1093776744777029
-0.1019694493525689
-0.05186079507882102
0.040026008579812075
-0.16650018123572832
-0.2628156251084712
-0.2953296455206504
-0.08181002411347132
-0.04964544919329718
-0.09455373771269972
0.006046718899994933
-0.06384756170634769
-0.31690887650922916
-0.38888946238190014
-0.27835026450400696
-0.11024820037437834
-0.03962324887752585
-0.08909894828711278
-0.0722654501062059
-0.20333385272380913
-0.3473026383646204
-0.32187600697622304
-0.16457333750084904
-0.15719348736724367
-0.060179383289686424
-0.09700064491023419
-0.2198982262674102
-0.32430201475669007
-0.3121630514274647
-0.2592869702589894
-0.20680183978929237
-0.235235291180171
-0.09298643515977084
0.003650589295852099
-0.19940284345599138
-0.3283267925466183
-0.2392351573568028
-0.18217285954760032
-0.13369435168779906
-0.15960932963396046
-0.042494426607996134
-0.008552966582054396
-0.17327392688467325
-0.2767762317756263
-0.18879351496618663
-0.15495596556977811
-0.15324595716702463
-0.19300058449264468
-0.11500834298611547
-0.03669646009670503
-0.15811850358096524
-0.2178353419784107
-0.1508273435657608
-0.13194658117408029
-0.13882849518191442
-0.14481972987864328
-0.09364724780087957
-0.04640496188554465
-0.14808864416171502
-0.1820780825471897
-0.1313262708326246
-0.1523721206003092
-0.1736765496270401
-0.14127822509582935
-0.07643122269276821
-0.04080770858088887
-0.12458003634014841
-0.20665121061643812
-0.20719104176740236
-0.22035133969524853
-0.19119142521287535
-0.11378147816642434
-0.0400004483679207
0.002735927803367175
0.005057834879085908
0.004900894307046413
0.008403137669778297
0.0015235368244329254
-0.013070217906185714
-0.002741282904281167
-0.0008101547000981189
0.004793566060774156
0.015515828089285569
0.039795445306306756
0.05099934145183395
0.04563501012447213
0.025867157164411254
0.018259296887754645
0.0065356595454553424
0.023506215232807392
0.060345525359830704
0.09536691628180244
0.11406192637177748
0.12017036240084086
0.10703078169665882
0.0707652580468756
0.037009633786605156
0.06084842982000529
0.12611901208043372
0.16688337178323687
0.1693858949304595
0.18001531983596272
0.17348323791139975
0.14818266139158237
0.10584833409101797
0.12496143177882191
0.21532743100411414
0.23362531872389083
0.20770688904391935
0.19494345655587217
0.20569689596091534
0.22293360085757877
0.23607644779176667
0.21603604410641156
0.26035289846706844
0.18549217296018822
0.123667621964884
0.08563137241019232
0.1231277720347333
0.20436652421324836
0.3643843306699821
0.3226729325286338
0.22514066200017624
0.07726896570857221
0.021578661870322674
-0.015610284080819868
0.020983952642064544
0.12893792960861253
0.45982615942231125
0.4111453980266799
0.11718103843802315
-0.005637514747347502
-0.035936539986977094
-0.03415541259398577
-0.008316633781462262
0.04615989201235335
0.4925222292516861
0.45451588059484044
0.05280339503517953
-0.023360850463984485
-0.04225613320475466
-0.01907519317278173
-0.0037330479220322814
0.06619907685363825
0.4914680693169899
0.46376515859072
0.039461116777529684
-0.029037870066323503
-0.03026402756945512
0.0011666089459233745
0.04355764008795478
0.16669277573370742
0.43445003866676735
0.44284506171338023
0.09765405907638156
0.022844048024891057
0.025611053390282423
0.0699839370373849
0.15417098303880447
0.25901293886581667
0.3128427220476237
0.35528510857238355
0.16176211563064216
0.10819864754070134
0.12996487980547308
0.18068019764041685
0.23674495159698122
0.24302751193997457
0.16261264084551724
0.22507283569623962
0.16805040805028806
0.14311147879845187
0.15960310839608505
0.1860945475202829
0.186902612690143
0.14828223655182646
0.06211072543226237
0.10672410736512913
0.11064682685607974
0.10894101606626562
0.12470855528778356
0.12314997141291739
0.10694731996736434
0.06515415455382863
0.012590715260633671
0.03507673056478696
0.0461995883915538
0.03958507272183688
0.05574091154131762
0.06347654817916094
0.05498697384949252
0.02022909579735993
0.00021826096807949752
0.005483313231458945
0.02126344376467737
0.022374114883528876
0.03557877981498486
0.03164776466523845
0.014565416064414744
8.201603504729685e-05
-0.005203732482594371
0.006442650593355262
0.035359222368116804
0.07413132840741483
0.07612930594750485
0.0901407544030614
0.10236457747970386
0.05331371421079944
0.00794962743158158
0.025265089940264412
0.05030002749814792
0.07432044493391113
0.028143361958352545
0.025195370164517273
0.07561078172249452
0.08430201821102087
0.030735193096520747
0.03793072667139304
0.05329395114782204
0.06628475509662489
0.004186573893276154
0.0015761014367579981
0.03777198959811768
0.0816365991506658
0.052384275157388534
0.0340293658537237
0.050802089158791267
0.05496267809454773
-0.0200146775814997
-0.02293593246946092
0.00986550207714332
0.06488199296677181
0.05703797542183491
0.010328041837967188
0.034947418889078034
0.0432501311441526
-0.034321609324489376
-0.035671556119772074
0.008906810423861706
0.05271740761180359
0.05044983543288585
-0.015528664940096238
0.03495915488305562
0.05008518379293377
-0.003967621994031552
-0.006695794688462753
0.035714043159149785
0.04147149289211414
0.03406818686061367
-0.01733768754824574
0.04871337425600634
0.062099838849016833
0.01854335193892359
-0.0031925948858149036
0.041192651437400286
0.02450945913277851
0.003897543942937839
-0.02730455913399577
0.042560444845229084
0.06586685990166047
0.0235118462476249
-0.0059208057308907415
0.02063286463406737
0.0018141031242909567
-0.023673570251721707
-0.029363720137297437
0.04527653709720808
0.058358119024290014
0.01328304582856861
-0.026009392601364274
-0.009163945733983742
-0.024766530909748657
-0.047129735542654524
-0.032955484457973507
0.04436589368996225
0.061885889667141085
0.010670859129511453
-0.03328309280086896
-0.02559408601682829
-0.03565295847045932
-0.051693040343709355
-0.02365020663760219
0.03307869162203782
0.04635081666060834
-0.011001704576488384
-0.05796770788308452
-0.03632206429766351
-0.048622674266078025
-0.05390365677117732
-0.009831445378553213
0.03340841413993882
0.04954898479962561
-0.016465415305026272
-0.0675869262035057
-0.04885538407741196
-0.059616306933573095
-0.04931438639460212
-0.002858097065535904
0.01645038136736811
0.025728028498082558
-0.030158489193329505
-0.051544102699631035
-0.037643268158326526
-0.04386948071736691
-0.026843277860508913
0.018704354775262843
0.031025741776679265
0.03236610666176304
-0.02078369972340425
-0.03645858103949888
-0.031147735815376408
-0.03239375757215174
-0.019667546730758226
0.02273071631838051
0.025188261631173534
0.033621740622473965
-0.012613348593788544
-0.03699883578667121
-0.01564493370240745
-0.0275552989432609
-0.015990645929751565
0.01911877340862513
0.019632121854380558
0.03634415915618133
0.0010880376497836284
-0.035162330694841704
-0.021325905643960648
-0.024625660409468952
-0.009491697905741538
-0.0069813427238127205
-0.007458107132416103
-0.015150143715708742
-0.038302576119792
-0.04257014028248866
-0.04972502313561867
-0.03866980109752587
-0.01748702235347508
-0.01243785645777262
-0.011152976851690437
-0.018423539795911385
-0.03540401850667565
-0.03778143160926693
-0.04933395929302071
-0.055138298693240564
-0.04016450280407333
-0.012544473769906651
-0.025536978537385704
-0.06344643607917658
-0.08098581902458965
-0.05696287125630033
-0.05841422292838202
-0.06614402795172103
-0.07033208677387037
-0.0308694412460263
-0.057889195817688935
-0.09593559312936643
-0.11899002367854142
-0.0976493433563381
-0.11234357804965554
-0.11233468351111885
-0.09194166803169485
-0.04783323605383031
-0.0748608129366805
-0.0938667440268085
-0.09631389099049227
-0.07823237531611009
-0.09385347861846272
-0.10001976799044482
-0.10382532856594198
-0.08051766491424102
-0.09905586593462998
-0.1016056603769617
-0.08589301845390734
-0.10066220993036301
-0.0896340528341548
-0.08120292796786346
-0.10485416294381053
-0.11782760883070356
-0.11052792352819577
-0.11845060574847366
-0.12270105007259574
-0.12320820045797129
-0.07473046631678838
-0.06601115285413794
-0.09310729738176231
-0.1463702096692965
-0.11917816262400975
-0.1387388672749516
-0.1277172102615058
-0.08544614960648424
-0.049847058152924
-0.04218375259875707
-0.0780563379621767
-0.17768635592657805
-0.14128891823640138
-0.14248867923065803
-0.11412875564002327
-0.0526579688318547
-0.03728359571848367
-0.03185226441593243
-0.07998455184420225
-0.19550646079200068
-0.137133605970955
-0.11668221524260051
-0.08074754906868892
-0.028357684232381414
-0.017786939798479902
-0.021112294153947646
-0.07906640670445748
-0.20578337164371552
-0.13175092568114374
-0.08191221027492457
-0.087951717737385
-0.03652906209648832
-0.02056402577647262
-0.027344763657764393
-0.07924215550514971
-0.19099031528336732
-0.1479803635161033
-0.11008763127528164
-0.11664370461052981
-0.07002085634170324
-0.042258755429998025
-0.0498417662427848
-0.08895309777826192
-0.14275425818742737
-0.1330931830519963
-0.1504682716938775
-0.14743711912967658
-0.09222098930186258
-0.062216036944232694
-0.08719835757492632
-0.07187024147961972
-0.09597800160715368
-0.07392647418324004
-0.11031720342932878
-0.1293177156399284
-0.09659288385904448
-0.08065705733513334
-0.06737873627799892
-0.03252953430703108
-0.05837908862410765
-0.059397645126713895
-0.07890043149478429
-0.07923217072194841
-0.028477524181033293
-0.017723099280721365
-0.009288955007471036
-0.007907254213488972
-0.027329302330591915
-0.03977603497801882
-0.05052151814546994
-0.059294645260670055
-0.02072212986026739
-0.005703685181345208
0.0017379170159651516
-0.004638850164072814
0.0023835384929191987
-0.015565786770033053
-0.034631099319593434
-0.007788038948692289
0.008708724377856083
0.018358080461265178
0.029180353649415413
0.03217412729491349
0.005060483859041815
-0.010435758579815161
-0.03497019577087413
-0.009213832484931725
0.008243131320889956
0.010743383767589001
0.0033644936789055196
0.015029825165990917
0.015597069342061724
-0.005178505439653204
-0.040205471159431946
-0.026809918667211528
-0.014614211366572892
-0.010275992277925368
-0.002148235541812351
0.028388854825833948
0.04182000704738575
0.024984862010271922
-0.01686400482271594
-0.004697836576438923
0.013172884883657643
0.016681198848010607
0.005804480889556098
0.0350493334951311
0.09419628651565533
0.0452440730514465
0.008886566145092815
0.02949793718428625
0.04326118186258798
0.04724764791395179
0.022447362746227162
0.03452413300144033
0.12637982533328143
0.06848223188146768
0.03984656072803723
0.029942510995042058
0.02694012049493149
0.00762781773825629
-0.021521938156510198
-0.007908879932699585
0.1291956386957806
0.072227504411553
0.036787631133391015
0.0014490119907161765
-0.010865000618831718
-0.03178132370915517
-0.07628158651729149
-0.05154095753266554
0.10462324115537254
0.08588934373083713
0.04781008400746414
-0.016535901403327318
-0.034562820139467036
-0.06062672099463778
-0.08117021802218605
-0.06669131803119185
0.09561900828831392
0.13693698390667006
0.09253069574189286
-0.011706293508119555
-0.04026525980474316
-0.053253626445280804
-0.05960689659535346
-0.06984468136699494
0.0770535855460034
0.13876702886834738
0.08760794306239293
-0.010747030138309946
-0.04047113109853936
-0.05456112045932918
-0.052970771642684426
-0.07492027898534957
0.07595292615238036
0.12523263591992695
0.06963598249145259
-0.004905265112262039
-0.025831637013940742
-0.0382426014783479
-0.0453619940999096
-0.07676766740058012
0.05858978507920869
0.09977761584610782
0.057901153894690804
0.002542434405565865
-0.03089576735298509
-0.03627737946934664
-0.03928332083852183
-0.08169986464783922
0.041619763516436
0.05660745958187244
0.018543875429613894
-0.011690914967723825
-0.03987988901470324
-0.05357680748399999
-0.05240505661503439
-0.081820553907747
0.011318702390503577
0.007287153928814178
-0.0033266558251054605
-0.012943520328671344
-0.038908456259556384
-0.046930933261641765
-0.053304899099220364
-0.0645144146317106
0.009319074622111127
-0.006250467001307336
-0.02384772019437518
-0.03570846092723768
-0.06067543975241655
-0.0652119895277851
-0.062050573593469195
-0.03751396785710447
0.0031162915361182667
-0.00493183848187348
-0.027728095605398805
-0.04474850071329724
-0.06275131248953467
-0.06373238426301904
-0.041251775626963846
-0.014043548200030098
-0.003878832190426328
0.001426635034411978
-0.0023961701740149396
-0.019880142003774023
-1.6781862085261254e-05
0.011746762348426257
0.006800919372013145
0.002823803118809283
-0.004760210426767865
0.00027280880430832153
0.004688016536753079
-0.014338026215274626
-0.0038132367643969587
0.006967957380903365
0.0004267696738680045
-0.003628793688717177
-0.004681921013926321
0.011805737788840222
0.022954236079563605
-0.022614975442493718
-0.019094811787770227
-0.016774987996011098
-0.023988726550912075
-0.021895724584257394
0.003982195014941288
0.016782606296771217
0.0047907608813367595
-0.05532920615527761
-0.016621300945939235
0.0003625897720899379
-0.01967655001121969
-0.03738662765808278
0.008825764795441057
-0.004071646364104413
-0.036407038899460474
-0.07100070294839606
-0.035610237639561663
-0.0215966202407838
-0.043057279304516353
-0.05713806986221242
-0.03166210247777086
-0.04779305712854756
-0.03484012712799162
-0.06509258922961399
-0.05263023413536786
-0.027362106421294156
-0.036855042532501166
-0.07183952995281769
-0.08648913171221881
-0.04565633340008049
0.018562938740524046
-0.030015957863604965
-0.019899344293841194
-0.015019606893742266
-0.029188157955474636
-0.07477723866514163
-0.15422541688297137
-0.043680691578645604
0.03471919075522823
0.014925636815532566
0.01148715449170281
0.0086126275502686
-0.012761455874493507
-0.06394026558125063
-0.1929890162372461
-0.059403816144859616
-0.01662635612081863
-0.021419527153447217
0.030869048960774026
0.051823070778027856
0.03671168255614812
-0.012532075792382335
-0.19764235375550043
-0.07752250058749996
-0.04889770068196307
-0.05727837788952568
-0.009697554449283866
0.030400430066802937
0.036683700102022335
0.02692190094824396
-0.17821563626473924
-0.07897152334904427
-0.04549308547200729
-0.07094279567592175
-0.03917560742184401
0.007377585513425206
0.01850107783656209
0.03981051900807009
-0.1272197528386166
-0.08388331117054605
-0.04045024895203426
-0.05350353296856032
-0.03185984583121832
0.00408162808459625
0.00859875505997789
0.0259958454382982
-0.04901102321211232
-0.044121386817749055
-0.008951704360323264
-0.038815377645078794
-0.05435072824960486
-0.011942306580734573
0.010873398609237328
0.02649439516187407
-0.013928690477291913
-0.021820437878721774
-0.006889874206743759
-0.035874131108821816
-0.04651564458685535
0.01815805019508871
0.02085079679000138
0.009929337937815228
0.0025142412150579237
0.004949845370470833
0.0013074187149102552
-0.017792986198924728
-0.026549605714699998
0.016251560324458427
0.01000559467794385
0.005413863845506908
0.013130207313209663
0.017545822182653756
0.01445149736195572
-0.004456717677126629
-0.0261810159486991
0.003100474565196762
0.0036642024215012433
-0.0011878608069193484
-0.008145457831912969
-0.004235084579922654
-0.00048794904227661477
0.010780407584862768
0.0065571671790048925
0.0010191579843009957
0.00597105694734245
0.006582669506759172
-0.01257905001043679
-0.008493731821448991
0.009538843513028387
0.027172139338460095
0.02122427722785526
0.006481888336207157
-3.412217280083881e-05
-0.0036147180530063517
-0.016464517242466312
-0.010558328746740476
0.012322423107066525
0.03305355257974594
0.023790398460287694
0.009899483850175875
-0.0028555874815142817
-0.012863815643116023
-0.022073992903579677
-0.007865475493404975
0.01873702413188555
0.037928406841295406
0.024874969253808846
0.018098597396767488
0.0011967537804111305
-0.01464137695245497
-0.02489230624595745
-0.005013643453177916
0.016499074566503666
0.046973389668394164
0.039884499428989854
0.035805802437717714
0.003564302236666188
-0.010447208833967263
-0.013032003962046429
0.0064506380555539675
0.02318213569023168
0.07445459242115803
0.07962089158501688
0.03885951347062558
0.005611199882376745
0.006034669894287805
0.007736823937755424
0.021240984896849963
0.03562078495666746
0.08438850952950523
0.09470643198261487
0.06357099783220002
0.018293328313383872
0.01879026731566229
0.011944125320349698
0.014128376321798966
0.03275396268819627
0.07463274698901376
0.08941609883432132
0.05680592927124806
0.005921627579214654
0.011742544372052681
0.01361334183873009
0.0314808789297386
0.036871974313769526
0.08210326287241046
0.10274867609656253
0.06512458308995027
0.013571632861800647
0.0028221536436556804
-0.013990265626730804
0.0008108652613268716
0.011991005565147907
0.06478407167782413
0.08646390627443871
0.027922351767836938
-0.01713462489206703
-0.03013736194123626
-0.033783913112349136
-0.03997154292265103
-0.015509867907369447
0.046447248608057955
0.07601794879261126
0.020940608183379613
-0.015585185695628586
-0.0466251951026025
-0.035395103254084015
-0.05239580878146034
-0.013360320773220307
0.040577020176522045
0.07163128399283442
0.009713316060150566
-0.017835091862983196
-0.04673223952335623
-0.03757834575744206
-0.050880971595322184
-0.020510100577030007
0.030848498255492154
0.06453984149145793
0.01178672137902519
-0.007049243264634952
-0.02578241535490222
-0.03594379777782956
-0.03673472124269932
-0.014095999164202207
0.024139226604580354
0.042684571203866484
0.005887393090909866
-0.007138035664525489
-0.00891745360450582
-0.02862665293756086
-0.03633365792013601
-0.01667447289869525
0.008980815895652958
0.026919973853255886
0.007826677715072667
0.0024507288421648926
0.0018006124553276973
-0.01183254576125077
-0.028394630661248053
-0.024410632207262698
-0.005675699014276669
0.01864401431852213
0.015441791808925192
0.009999172644966432
0.0016571946778892255
-0.006177444790425694
-0.015740940755567163
-0.04032687704884205
-0.08946436239992625
-0.0853425348793964
-0.049102855979844956
-0.02818285689473911
-0.013555890699779704
-0.003605727878866781
-0.024627923529799957
-0.0553532135633253
-0.09302411510744646
-0.07745411773298509
-0.05731633206379087
-0.0341099430102075
-0.014715385010465822
0.01934536698653865
-0.02720595433303763
-0.06817267898734876
-0.11656975187549608
-0.09778144100587002
-0.06934687735864718
-0.041022004475873244
0.0011376848515812124
0.05687360276073725
-0.0519010903789454
-0.08758666311516837
-0.11386485317032691
-0.07375350885109415
-0.034023738818590776
-0.00970947703179554
0.027854759547018198
0.09544457576093314
-0.10158169933890634
-0.11734755983148079
-0.12301896179408275
-0.07781091341133914
-0.005747828762843072
0.021667060571964086
0.054817683564249944
0.10727196127173678
-0.0766997266204522
-0.05100723496885903
-0.059068590984764476
-0.05602731769203622
0.02121308104384983
0.0465674252933534
0.07341957011537346
0.10485588554355105
-0.039103917948361315
-0.05060489825288091
-0.06901093443347212
-0.07017178543529287
0.02461562969152512
0.06404827670222825
0.08151952705201533
0.10312278570552326
-0.00602640421875449
-0.04950835082067496
-0.06390737216656217
-0.05222669206236931
0.06635009479915362
0.08970466378201282
0.08233459416312466
0.0948652518111419
0.0009384560811964919
-0.05922690779252939
-0.04425173944805002
-0.022071771432794592
0.09376830598537729
0.11914131634975926
0.07286951343875817
0.08137416438025369
0.05334708360692042
-0.00873763371336535
-0.0099025578812178
-0.0034499855416942333
0.11012505095429458
0.14358744748019392
0.07209042103419101
0.0529637909092326
0.0715464830434045
0.055731884948062874
0.042361803687761164
-0.005299479471965342
0.07032920315746626
0.10257374373131961
0.06846097768771878
0.01944540597878498
0.03480097674466497
0.03021946593031812
-0.014249260578397671
-0.06261881847725893
-0.009480208647084886
0.032576094516741726
0.06086335993552158
-0.0005701301853520516
0.004770758302466368
0.002002079672962919
-0.03829921313711593
-0.05980828674659491
0.004575110679471232
0.031122270902973048
0.04812379417778635
-0.0156283267616547
-0.017303585210572275
-0.02503464329024
-0.04564662592526734
-0.07407697845150117
-0.017580617692101633
-0.007854392925851387
0.0018572585389261692
-0.016149838160518636
-0.02577539558539286
-0.04053295414791571
-0.05899901546518403
-0.09584699783795518
-0.03537333574435729
-0.021570385144956312
-0.009160718490979223
-0.010574647893164577
-0.019488155006148793
-0.029456045915428154
-0.05245400048606744
-0.08267625147784775
-0.026146666022271246
-0.015178134924753473
-0.009612020202413828
-0.0017033919796048992
-0.008169761840536794
-0.01982187097728267
-0.024261875222250713
-0.028759141956705474
-0.023332334665232025
-0.012817550796108215
-0.0007206628683198525
0.002669489643100987
-0.01014364098833226
-0.02165138384222241
-0.024274363995409293
-0.030547136495358642
-0.02604860947792793
-0.020411491961332313
0.005501384094084099
0.007291799963068422
-0.010383500009051765
-0.03420810046811106
-0.051715332131967606
-0.05824077755883833
-0.05361689862396561
-0.02988602130967398
0.011266091255851603
0.0032461921711578424
-0.0187856354731676
-0.05993739088342815
-0.062484969066801295
-0.053051214505329666
-0.049988074407394126
-0.015951101131084288
0.010723610230416855
-0.013972892893129543
-0.056905399110593
-0.0873305802414803
-0.06748706073455119
-0.08200997505980137
-0.0755289255837319
-0.01658799079482144
-0.008304679790420395
-0.050237648630827816
-0.06663221512636303
-0.0552826625368829
-0.042842779229276436
-0.08438209990398471
-0.058009589142342104
-0.005977188350650267
-0.03232059531872621
-0.07925509162483589
-0.025916372994659043
-0.041610425105376
-0.04945548723488581
-0.07688486263820926
-0.03411023532095626
-0.007260418061238487
-0.05195069293390642
-0.10311741321374697
-0.005057896077674288
-0.04230352839494611
-0.04511486115774218
-0.05593026523347757
-0.025485290192533296
-0.02534479446140189
-0.06477042125500672
-0.12073935365031356
-0.009192834793109384
-0.025618796915532316
-0.028062736893842036
-0.04937108609371385
-0.036524415778131855
-0.03830992232626114
-0.07852891763714007
-0.12701411767338142
-0.029656775464160456
-0.01737073299302654
-0.016955405319476896
-0.04375262467879279
-0.04409710145867519
-0.041543440232866435
-0.08523774429235798
-0.11868896095118699
-0.07874439197668148
-0.03423257288791979
-0.025901909797869545
-0.03803465571882533
-0.03517668868821973
-0.05972729154533352
-0.09593364493339822
-0.09478379995455437
-0.08259655469599102
-0.03552681599544678
-0.03398454739646161
-0.022571134362306754
-0.02908775866485547
-0.05324130752198748
-0.08116921825373548
-0.07285686511133906
-0.0683158768659458
-0.03418832365297273
-0.02991953121655418
-0.012751329815665893
-0.02434479259214417
-0.039695649996508875
-0.054115320892569596
-0.0459026757475878
-0.04090580901879366
-0.022984577861237594
-0.01402814997370608
-0.009715744781089072
-0.025239172778157126
-0.030377222166479475
-0.024872052795720228
-0.036807171673501664
-0.03363500044040091
-0.020880903175603854
-0.01493265394186814
-0.017088661016675208
-0.02357965901776512
-0.016161927427603674
-0.010394620035163967
-0.02395896920444249
-0.0320845862021524
-0.02890411155209734
-0.02558040714272271
-0.017654841780432612
-0.014834385211144503
-0.010798927015840282
-0.0053175969514305315
-0.0026096028809654667
-0.00520781714865975
-0.007919187883476585
-0.013625043342472045
-0.01444445978683158
-0.013652873177676612
-0.012125481337393128
-0.007734831109778981
-0.004846566299526336
-0.007842583599148785
-0.01191231526203895
-0.012766347166334135
-0.013282205044570962
-0.010895350845448612
-0.010106888411391445
-0.006219131985299499
-0.0076629737173586985
-0.011671364655094604
-0.015617545680067305
-0.016329545979087742
-0.020893735136390416
-0.01400635111894182
-0.013249508581636779
-0.006312348284478475
-0.008772037878801335
-0.017339222875390234
-0.02485477104047151
-0.02413115896190376
-0.032693682980117475
-0.02290357479062104
-0.018798856484753237
-0.0051456464803701476
-0.0046066395028280215
-0.02953904713777641
-0.033142077817336725
-0.033731215494087516
-0.0344862757989917
-0.017883158532606035
-0.010570402515677663
0.015466628710474575
0.010949432593573668
-0.039419520263756364
-0.027751420800636337
-0.02653400932149925
-0.019706203221784097
-0.016264638962846415
-0.002084629713912116
0.04107006185948401
0.01772068133337265
-0.03865377567275326
-0.01094897274504111
-0.0006688086513156846
-0.0057226733544698425
-0.012259945975044713
-0.00019683669125832194
0.05329792128166998
0.022965014925473985
-0.02016604854022644
0.004203592632388013
0.022130171095517813
0.0067241427996967374
-0.008079724769273974
-0.0005004717311962443
0.04933025750899165
0.020943168456486607
-0.012887588171706713
0.013309145230996413
0.025532640947304928
0.012048064293812957
-0.0018655746879129294
0.010009565442046642
0.04236107060613072
0.014572776562080331
0.00737710427634262
0.030531188934926335
0.01797122729342149
0.017325527773227264
0.017712372018271704
0.024801571369899893
0.02774556948125047
0.0024317849753645953
0.013210552678265309
0.011788913883149146
-0.002457585909049916
0.01046371716592502
0.019443956738114068
0.015376744461510767
0.0027915258251761084
-0.013266504352684868
7.205021569215855e-05
-0.011814647949141655
-0.013864551808710756
-0.00838506975213564
-0.0071289324089477005
-0.0087861862027469
-0.011821403687487702
-0.023377639300647145
-0.019056928471802757
-0.023572737630006356
-0.02523637825824221
-0.02456448431373026
-0.020535201104652834
-0.020244725810017482
-0.014217999048779984
-0.017537182510917404
-0.01986937713451376
-0.01877819501865641
-0.017619558726942278
-0.01891243714276212
-0.011425980692184022
-0.012567379611200717
-0.00879476933060595
-0.010605259685695645
-0.012445090813870387
-0.012490962046224146
-0.012367444201009572
-0.01398662208746086
-0.008940357407177088
-0.007548987950148574
-0.004215714688007859
-0.006353944603860333
-0.00877592020436698
-0.010526738233916248
-0.013570148036806621
-0.013923693901476016
-0.008671897909057225
-0.006308957095604793
-0.00406455525008993
-0.006507958897974843
-0.013193448555256703
-0.03207057855988195
-0.04139563226172185
-0.04283827021141159
-0.034252387346259384
-0.01785044704636264
-0.006629047626917119
-0.00805843259355886
-0.020399270554052714
-0.02725729437624731
-0.02798970925158622
-0.023316616865360896
-0.019766151431075962
-0.010328013959168278
-0.003684393713822049
-0.009288716095269212
-0.021885620224510172
-0.025640067040457667
-0.024030976990489346
-0.020980241710029223
-0.01676982697219811
-0.004185460773594968
0.0005299805072874284
-0.00767003462537638
-0.020292271799908144
-0.025637082372293403
-0.01877984506382569
-0.02024239151116294
-0.014841095477960734
0.00418118595391443
0.003619649155094576
-0.011965312296031889
-0.02141619067528821
-0.019032562781027045
-0.01833682834447623
-0.020077812109084426
-0.011835524130883826
0.0006101302651187931
-0.0037355643019185395
-0.034094304366173306
-0.013311978937536573
-0.00571773162091303
-0.025245468682109983
-0.015535258346503022
-0.011013542912539028
-0.02302620494296001
-0.018299076406597118
-0.052646726639511164
-0.0076175855008188504
-0.010728527213602831
-0.015916721410880085
-0.007108691850981593
-0.019814211381503962
-0.03960956865704583
-0.02669426114292753
-0.0675405062627882
-0.015329848014692473
-0.004663660613199931
0.014153490666890107
0.008850246352409937
-0.022769980985072096
-0.043614322504348
-0.033124615591174855
-0.06784260135720292
-0.020779967126246274
-4.899504077868587e-05
0.015440168738782286
0.007805666815024705
-0.02034871683586841
-0.034023543891390624
-0.03852953333234572
-0.05705670808008024
-0.01629744155412987
0.0009838531007729222
-0.010310331859421179
-1.7999610751795416e-05
-0.00638913422935286
-0.019283981402979638
-0.04259711528055261
-0.03451248079219788
0.000683609265143328
-0.012445228188197505
-0.02534462073435248
-0.007595673623588908
0.001486853465150384
-0.00047001680596878083
-0.032309203425917844
-0.019209693344678844
0.004252574830300576
-0.013640237663863528
-0.017706758741950167
-0.007498592591347091
-0.007927371423401464
-0.0061700106126488016
-0.02492981758478085
-0.008667816089847558
-0.0015894019930063382
-0.017977612888955077
-0.01979793785080532
-0.014073511761501001
-0.019041232131901214
-0.01812635193551031
-0.023972735345775285
-0.008717655776729578
-0.009139771167564117
-0.02179504119807179
-0.028006267434273514
-0.01585117280146515
-0.020416768280623988
-0.0172755834361314
-0.018420438508934284
-0.01050691340347007
-0.012222779347499713
-0.0204096260314497
-0.03155630714838115
-0.02192391641373339
-0.02968645889719186
-0.024253988139034878
-0.015188792522500627
-0.0097772807765037
-0.014026188279842138
-0.0229393750098411
-0.036725372135316375
-0.03971978332728386
-0.0398127415698377
-0.020151468068016654
-0.012439183665690454
0.02518805482811662
0.027575799051290942
0.0064629496036546445
-0.01353266316665116
-0.013111778246684334
0.012852301416104838
0.03630978322937088
0.037686008225085325
0.03252348134442446
0.04550618382446961
0.02512656100235848
-0.0014647239381349788
-0.0006546177543052378
0.02886881056180892
0.04906740970952663
0.05285688092692185
0.029690432810292943
0.042417025077292614
0.03505107760121016
0.010192419917260803
0.00955263046086496
0.044058104166761834
0.06498066739995377
0.05528274214375533
0.026399320353613993
0.03146506383357627
0.03200821677475213
0.030143562010432494
0.0334735157128121
0.06227029160338058
0.07485891689195043
0.04534650533918705
0.015567733202160688
0.01919369318173543
0.02799561200025967
0.032092490007382506
0.049935860725910455
0.08283212793411043
0.07076455244425353
0.028673465405982132
-0.00045608015204598836
0.009114730710227024
0.019181101890735436
0.030255866528279628
0.0608321479904352
0.0873764551350261
0.05525130645663161
0.020783455059560408
-0.016259969319025732
-0.008337646134395084
-0.0004887004666057459
0.019681447529801444
0.06678737736024
0.0742184147294937
0.04327746465811049
0.01762939309052953
-0.025065278756443612
-0.012465869687593382
-0.012472918959638934
0.007767105215949588
0.05697968874648528
0.04657928460610535
0.03590313803520313
0.010974153358527665
-0.02684918928515335
-0.009027194559780844
-0.0011136776319381383
0.006935558346723318
0.03135842399286432
0.028592310341687275
0.02011970234245484
0.003209831255553585
-0.023240274100807635
-0.0020186798660515866
0.02134325974700873
0.00997880337551472
0.018436402718305833
0.017372571044603748
0.017019407232774543
0.003212776883252191
-0.011025834506609421
0.0185845547353133
0.03545543638633716
-0.0020573457989247032
-0.0011308831907463463
0.00987726255063454
0.015061423288598432
0.007524611182603473
0.0004871869789363968
0.02752441240910961
0.02824800531181652
-0.001559346572363579
-0.01320464246678756
0.0031987663727033305
0.01592942241314541
0.010375219777581298
0.025781940242066977
0.033177712331531155
0.02326298083256009
0.0048644585847148975
-0.017622349613227433
0.00354509045290949
0.01902844893948986
0.013241674517902554
0.03598453989898261
0.03226276242937003
0.02617492444307217
0.006988467252444367
-0.014967001489443828
0.002158618654072693
0.014692512308966132
0.012138485208686399
0.034985811217008875
0.030773291274526632
0.027474942695941737
0.010427554993423068
-0.007130958136687042
-0.00015978917170944302
0.010538214408005482
0.010320000579754879
0.02865689221730117
0.0334979824467102
0.03321603138919323
0.022257002528251135
0.00031062976520445496
-0.0009967181023826212
0.009050716183221617
0.006285388097565582
-0.011424256448692592
-0.023325120708540304
-0.03556729218249221
-0.06077563668677956
-0.08370951138901266
-0.05289395776744703
-0.04095687163782781
-0.020522849680069104
-0.012218141967114309
-0.02467311319963932
-0.040245377068363564
-0.05005016582504689
-0.06486934076760678
-0.05617602765466729
-0.06031906541196367
-0.03444291328501501
-0.024954117102639915
-0.03425835266198073
-0.058117489219399784
-0.06275829720013357
-0.11082333936054252
-0.09866479941513567
-0.1013187244990909
-0.07862082094206346
-0.03321415235847775
-0.0705302495193721
-0.08756798166578525
-0.09639621619711611
-0.17506142832189497
-0.1571070041390968
-0.1496961043295133
-0.09752716355599252
-0.05002772632379184
-0.07405482750757547
-0.06011489842438306
-0.14720815501219156
-0.16780638788727878
-0.12612427459315748
-0.14380744976319743
-0.09779103405714548
-0.0908661773412398
-0.08143195074987084
-0.14295866479867414
-0.18329137446722019
-0.11402086680304668
-0.13372785217159328
-0.1488811930922029
-0.09265619486952129
-0.16790483179630722
-0.13780620240687827
-0.1919971209782619
-0.16814745422532432
-0.09712734823572104
-0.14392504983264046
-0.12495127936942242
-0.08991838334265424
-0.21280251673428616
-0.15190683963891208
-0.14416651565085523
-0.13657688201014134
-0.15048078347333738
-0.14289453830148313
-0.08614429573068463
-0.08326735670779137
-0.25931762175637063
-0.1429257451265682
-0.11530657517052897
-0.10906856392502283
-0.152071986717905
-0.1303875032763376
-0.08389865224111745
-0.08722670246662606
-0.24556346289008027
-0.07869656717170265
-0.07508474423781504
-0.08161859458565289
-0.14256347870123257
-0.1391512955510312
-0.07533380264705647
-0.08948783959630312
-0.2119146879660161
-0.06937979194082367
-0.0720447334996598
-0.10656609479504688
-0.1164836957437305
-0.11519131303115376
-0.07099887420153571
-0.0734436000449654
-0.1833760184610469
-0.09821311717185532
-0.06737223116737209
-0.1052403409732106
-0.06956657324858531
-0.07513810243826038
-0.0642992635379227
-0.07833474068890127
-0.13988658502857396
-0.13213629383883907
-0.12338365903712224
-0.1466595446741833
-0.10911837971487992
-0.09392897781775261
-0.07285391589870249
-0.0696662307139113
-0.06963084524093789
-0.08572453406117882
-0.10521982542305161
-0.13045462581975517
-0.11095328650085041
-0.08672708281398525
-0.06543497765610694
-0.03991459920032502
-0.026984317745539894
-0.034150030532269136
-0.04951947134626812
-0.07746609588041246
-0.06362646012035922
-0.028632085027151324
-0.026947625696039056
-0.014328870821217188
-0.01788124154031405
-0.036892338768133096
-0.06006936416629684
-0.07281776983750636
-0.06293434655478533
-0.024304755267759937
-0.016841116261032088
-0.007119749074720143
-0.005509149594799803
-0.003446133125868332
0.05962057283504347
-0.011550552708875112
0.012161306699898063
-0.008282313679786548
-0.0024247481574392995
0.019417613605833467
0.038875221335619534
-0.0033726999399623656
0.0184371834750364
0.004203169926007847
0.030349964647616034
-0.024252279121092984
0.015048202641679448
0.018588273515306664
-0.008734474899679141
0.06947505148067344
-0.009904491480988632
0.018905487993322177
0.010617662380385653
-0.009333998199635577
0.018777266790076002
-0.00336687858764774
-0.0028320954339236663
0.0008016814033569351
0.10184947957126195
0.01969589923855791
-0.0016596825864421036
-0.006692093744578809
-0.0034550890539095645
-0.004613595644634995
-0.0026125214824918017
-0.0021512734201827063
-0.003844954500312714
-0.00255275442965907
-0.0013267175201714186
-0.010716333076360033
0.016941025306155235
-0.022587577722200027
0.0195078997484182
-0.003932629852612364
-0.010149270623822534
0.012957801562034256
-0.0037131171645820027
-0.0035847257522013697
-0.004855923744377929
-0.0031964880958932755
-0.0012275432690342083
-0.0030813614988435913
-0.0012192048090823911
-0.008188667821286322
0.05467290917659154
-0.0017540650601921698
0.011226915257682657
-0.0070955663632427625
0.07270000285761197
-0.002942292113997998
-0.00260451615126762
-0.00254924544766343
0.058608722555935494
-0.0016850202080835098
-0.001303463662876874
0.011205308852073886
-0.003906253552474418
0.018281340890741786
-0.0022199182303339914
-0.004433418612556921
-0.005574667666959125
-0.004188509011424454
-0.0058395373259039485
-0.005378347787426737
-0.010475151240825915
-0.005155610248768701
-0.0012307534790071421
-0.002148772368119392
-0.0018394131591235787
-0.014750927921042769
0.013714716224069891
-0.009768990570324937
-0.006653409159200748
-0.007901363257312785
0.08746170748116318
-0.0188280907917474
-0.015693148708097772
-0.011822936692535965
0.011980151108444081
-0.014860166466232736
-0.004061460529353702
-0.022930964846590397
-0.015505839620971617
-0.06709072119279683
-0.014329190243324137
-0.020658769303953214
-0.029291771909136413
-0.0191428127821345
-0.025781733638714582
-0.00923806739462565
-0.021761522375271132
-0.020273859499491148
-0.005874320888337216
-0.01256421195252687
-0.006500267071854026
-0.031576257390045534
-0.002453787171604077
-0.0025646003729685707
0.01840462827941966
0.012777415822571579
0.014420474255892005
0.01113381509708087
0.00944268081400577
0.009910644468102702
0.013186786981159536
0.013124932620011489
0.03745661396275316
0.10234875134767056
0.027779666109513948
0.036664149581646155
-0.0017003434415504585
0.01323996008736268
-0.009933917235007046
0.017054565494713136
0.007061407229232231
0.060923713835408205
0.0026353541091476878
0.03945192287582921
-0.001195496992582453
-0.0031866901690793237
-0.0013936291638650675
-0.0004724860160302688
0.01152681203632062
-0.003637604730455838
-0.0031292845710391014
-0.017740546078721168
-0.005663200444191875
0.014275243141304728
-0.006563439110561012
-0.004157682492174378
0.027373166196737044
-0.0038995044398821245
-0.0017555885046396588
-0.015675736083950634
0.004984319309629163
-0.040584568904860785
-0.0027835072567574427
-0.005665998011302165
-0.008808908021914752
-0.0070633920744447715
0.0038454358570691443
0.007678931781866375
0.010829905673104096
-0.006278406784191908
-0.0019141348903953515
-0.004881339324630813
-0.005122190686681183
-0.013185245653577616
-0.0032534128529350037
-0.0024880627630338853
-0.0025780462552958414
0.0056868214309287015
-0.0016150226532386858
-0.005545875422884597
0.01796171327586508
-0.0016214839067199454
0.012349916294989665
-0.0028155534728631524
-0.0014217131261367207
-0.005710158107207641
-0.0031488523352262393
0.2200478447257661
0.015224368390622507
-0.0023713891050418925
-0.007875439941849402
-0.0038728066607127383
-0.006982253761578948
-0.00345238036783025
0.011776925303687827
-0.002757682601554569
-0.002651134594240146
-0.003820562749838956
-0.0024985314520569206
-0.0122295267116912
-0.005753371023636937
-0.002853758113885582
0.016292020724817634
-0.008612461137105086
-0.0018055292182880497
-0.005419693336712005
0.012753913008717626
-0.001677041135893841
-0.0026677445460001822
-0.003190499427181439
-0.0009070241627622429
-0.013744905798628268
-0.005708918824714714
-0.02002016361093335
-0.0021908021673996128
0.03109439347344558
-0.004493261635650988
-0.00613078751248802
0.01801861227489664
0.007737446735082143
-0.005391701626659014
-0.004903011548216562
-0.0025103739867017674
-0.0019196628946472486
-0.002616380775179219
-0.011108315865305937
-0.003792009385344249
0.012713169221339695
0.01630339957716079
0.01714051846900608
-0.0033309087025145067
0.02813208775846338
0.016767031235933427
0.01602420086723076
0.0138196234057791
-0.0046380571288120375
0.03762815547865774
0.07053427176848097
0.000993155229716156
0.03762613818822054
0.019181935111929754
-0.003866857497013859
-0.01299017855987061
0.060378925226293484
-0.012677952082764439
0.10531468564569098
0.02798502741969058
0.015634745618990194
-0.003615333709574896
0.01581958288187552
-0.0023555012474493664
0.024265870319732864
-0.0030951206912931965
-0.002150724842733977
-0.0042925387695666815
-0.0126102188961806
0.009894970764843388
-0.0029479584173702873
-0.0030607415255657017
-0.0023972083246187074
-0.00277904302046683
-0.0019535801367662198
-0.0014610630607747258
-0.006484154320057092
-0.004713206638387117
-0.013730350719411625
0.012875809268215197
-0.005232064296004407
-0.006404107563023108
-0.0038674322198732677
-0.004964349357719691
-0.005611140202134084
-0.005716366052377666
-0.0029571731775196288
-0.0021276115957066036
-0.0021071365478151243
-0.0022580273169617152
-0.010757319015040786
0.019445463125232813
-0.0010135592984855562
0.029352768185170155
-0.005999994642838106
0.016172827117400142
-0.0023412614906851937
-0.0011388805445563409
-0.0014771534531473072
-0.001451791693605245
-0.0009593061734666658
-0.0011597085912262094
-0.004867340328570009
-0.0017536008057855413
-0.012546113366792844
0.014609070814933622
-0.002614253330880303
-0.004326491186935171
0.01717560806537794
-0.002287511380644946
-0.0021086632469700974
-0.005955491610304008
-0.0028193585517872245
-0.001543455089845109
-0.001461846641848893
-0.0018195289353770913
-0.008750570810406696
0.07012672458427958
0.06180458380046877
0.005454595582406854
-0.03521669852199944
-0.001402414889506794
-0.021549614813362154
0.009617773409342951
-0.0073927769930277045
0.020234446790357255
-0.006697735402326223
-0.006790646762675577
0.003820256765233129
-0.0145777351076726
-0.05184498618200504
0.012422881519418987
0.005465067964995245
-0.0205322312624114
-0.029240368217096715
0.00014090137764436448
-0.011501270592498712
0.02192524464764119
-0.023673797529299285
0.008084598371492164
-0.006356411657636179
0.012984586209216525
-0.014365286230930703
-0.009183899698159026
-0.005794938013131421
-0.004860812282058204
-0.014528175477372252
0.025638410358350867
-0.007297024475469292
-0.0048941233095708215
-0.0031719305594801587
-0.0074939134678786955
-0.0029596302279414435
-0.0033362149025749845
-0.023042087237051097
0.00809574543971972
-0.03386109649218733
0.07785369326160647
-0.004299397721320021
-0.008570723560125679
0.02333401995709461
-0.015483709296764948
-0.003801609215760045
0.01313445014570131
-0.006428214020560386
-0.0022408387184916327
-0.004051165186506796
0.008522452299373718
-0.013471341471374965
0.05008837375315901
-0.013358176550546885
-0.014723243958428769
-0.10960665101054
0.05455581471723991
-0.023000429113882247
-0.019252051282960744
-0.027227260148882947
0.2095581461243075
-0.011973411418405142
-0.0013172465462199586
-0.06409230740105887
-0.03996705321600617
-0.15670442541167973
0.07064513774059343
-0.03250470735319018
-0.0741085778216437
-0.027065621289436206
-0.029962197778181595
-0.027436690801424544
-0.01009752977753805
-0.04062473775063791
-0.011725433444361567
-0.019625081765004517
-0.012563561025345922
-0.08668638744271424
-0.0022953080821577366
0.015062609067872466
0.05721874731904238
0.011903693773719535
0.015455715752654416
0.02207359048053593
0.01521393335394828
0.01651785979046631
0.04225102494461883
-0.0018733047181347577
-0.0008729757495346942
0.02552869979279268
-0.0038601193448120886
0.006549519614852503
0.013995055801841868
0.019517928929342294
-0.005866442331209339
0.07299468611025228
-0.006856368601318317
-0.0027956158979727456
-0.0036780541930607345
-0.004849167214310165
0.02000002958312856
-0.0029763976706887723
-0.0024445997013315102
-0.012448441173416704
0.007960574348341796
-0.003949559229125186
-0.006570117817103859
-0.014246623662069885
-0.0040153929773699285
-0.003937435202768943
-0.0029716221241669416
-0.0025312494028690053
-0.00801127741809022
-0.004523646941322037
-0.001563751171540252
-0.012228355141334774
0.08569973104764322
-0.03381453111732318
0.014713446139623379
0.00989396536609104
-0.013669479128715144
-0.010596482873848035
-0.009698316823943624
-0.005939910391578573
-0.010202916296263357
-0.007554125301521024
-0.0023657326661512264
0.015923822773665504
-0.0030176155212161284
-0.013418943730275879
-0.013467577456033717
-0.007120703634313488
-0.008370820518318518
-0.02850272385512619
0.006176505995753612
-0.013223142261698979
-0.006010181078652529
-0.006305551508101694
-0.00807672331645447
-0.0043871000836663305
-0.003387779406956442
-0.017360031325096874
-0.01024492526365502
-0.05598329802526512
-0.004388596470638419
-0.008989594819203072
-0.02244903805819725
-0.011020117473732936
0.001639844561368705
-0.005592899165635916
-0.020366199790580842
-0.012910589531828038
-0.0067374714861638055
-0.009106268648572035
-0.0046293243349530494
-0.021477760491500707
0.03920600661315174
0.014018924517446655
-0.006934640527969181
-0.01734099923387846
0.08708946660930246
-0.01251829116609724
0.01162100255019494
-0.00391564881833978
-0.007920985086242434
-0.004015524196730943
-0.0019665193104549733
-0.03152690225916508
-0.010802366257501334
-0.031305409872019505
0.06024658015735296
0.03397228272846138
-0.008872234429370652
0.012077991791025956
-0.01622171819103194
0.009568253289756136
0.004811444499424653
-0.009457511633073436
-0.0031508184252135992
-0.00508196374102709
-0.006679436329630819
-0.023772960463820884
-0.012103994964162321
-0.004370408101212658
-0.005321315919961301
-0.01780471300790827
0.03685683216362986
-0.005527339667616266
-0.0035760086072263225
-0.00660220141595442
0.031960260308119576
-0.005703885197410689
-0.0037745201969146998
-0.02155807484088153
-0.010903446996370232
0.00880848985023962
-0.004435304643938264
-0.007280944862587212
-0.012302017863245465
-0.008014470626293296
0.006580705759448555
-0.0048870725195846905
0.02577189958953798
-0.009816311126973627
-0.004547799211569291
-0.005966608618209407
-0.003607959019539563
-0.02845389863725601
0.08204715362815165
-0.0027453630222000164
0.032457148996051656
-0.018391819245395437
0.02744827492898279
-0.008611182065772091
-0.003077986665906504
0.010559056275084026
0.019849575399391705
-0.003165787787566732
-0.0021437876287464025
-0.012110469094813904
-0.006591165333547454
0.025418594502381
-0.002343137540376558
-0.004248128602429234
-0.005606260508833388
0.006250263592233572
0.022660207792098295
0.003058743973944826
-0.012302616135276029
-0.008128021817047823
-0.002869503648245293
-0.003651763549402588
-0.0015484850356600945
-0.01794894205691477
-0.00793239789187518
0.0109379240737937
-0.007285598810323357
-0.00543845955817735
-0.007911478471472522
0.003503521796448932
-0.006625478695922651
-0.005422975688098623
-0.007070975100024333
0.0016153071317021863
-0.0073652849863119875
-0.029976756814958923
-0.013102429812488395
-0.037142397832219134
0.06925526359270107
-0.01290250882390759
0.03484333980189944
-0.014240535002319669
-0.01300606270612609
-0.007564318387233948
-0.020613099931797416
0.0004687961617522299
-0.007085838947307614
-0.00999775497594629
-0.0042386737859722605
-0.02226029228602503
-0.0077274423309172694
-0.004507210294382979
-0.003746631619948262
-0.021081054776354947
0.01847769105522616
-0.005161214323746047
-0.0046609773817413575
-0.0029804109687915697
0.00895217601299967
-0.006058017074525819
-0.0037031832959625753
-0.016381351122275546
-0.010305355823368946
-0.03432550888554687
0.016286850074389445
-0.0066410881312396804
-0.007615850288580556
-0.0057269502817142385
-0.010624638938961678
-0.0036782106862474164
0.0006716909361257652
0.014717573614160413
-0.004144357449266632
-0.0029081017327863587
-0.0045593548759945675
-0.016490850326774463
-0.0033572672395363896
-0.0024178612720116744
-0.0015784461561189202
-0.010738981439503536
-0.0024348535268031296
-0.003708131617366337
-0.0024970214226151095
-0.001682136371034223
-0.0031190217305375216
-0.0013103556112410823
-0.0011370825371606675
-0.004499043786326197
-0.0045262268206466985
0.011898466874528469
0.03240849934751411
-0.004138906433933287
-0.0030405490091725993
-0.005970721894509169
-0.0038371810889684353
-0.0016183061971348192
-0.0039921752058779385
-0.002125726976927089
-0.001517616662275936
-0.0012293220755126744
-0.0019309325927984228
-0.006655077713478339
0.015027958812514699
-0.0028437096315284457
-0.0017909533573327193
-0.00809500713121111
0.03654203680981099
-0.0034348695237868656
-0.0020131357111243275
-0.003140296499820588
-0.005010556191094236
-0.00326088235253755
-0.0016441130450993745
-0.008467028360846904
-0.005494085503176935
-0.026400644931017746
-0.0016678438125959719
-0.005218317272294685
-0.004274437343512135
-0.004657087814359123
-0.006005971339523424
-0.0023271729043428096
-0.009521539810186106
-0.002863051679827951
-0.0013457564903609194
-0.002803398547353939
-0.0033405835203542174
-0.005853618490668204
-0.004807950326007871
-0.0024744341883551047
-0.0016346824539522039
-0.006717768623979815
-0.001750391867939598
-0.0031218105407138713
-0.002006389114362326
0.015086946535493246
-0.0027806432150148334
-0.00271693105211491
-0.0016082701160936193
0.09792758523749137
-0.0031990075595285327
-0.013043711339135679
-0.0017607236334542052
-0.002374761218451126
-0.004210027572779336
-0.0029719187457151693
-0.006040266615631851
0.012652234816135206
-0.0052041867265728466
-0.002222714377370923
-0.0017439695453341454
-0.001897262590378032
-0.0018762007497379752
-0.008232336776995182
-0.0100378507587635
-0.006695733807528216
-0.01268076684367665
-0.04942715026434463
-0.008230230674800028
-0.021634329718319672
-0.005646892814344639
-0.009826918383514622
0.04981264106205256
-0.009193289304773294
-0.007511200616153413
-0.04878648382410304
-0.017670065140581115
-0.07261656887013214
-0.007557279240485729
-0.012227794351839724
-0.03166599977557937
-0.01872144298891163
-0.028675577886977093
-0.017633856993404917
0.0027087444601272036
-0.012204908519144212
-0.008830016392291598
-0.0061364446033838815
-0.0054413603505394925
0.0333755116143134
